"Epic","Feature","Story","FAILED","BROKEN","PASSED","SKIPPED","UNKNOWN"
"","测试类","除法测试","0","0","6","0","0"
"","测试类","加法测试","0","0","6","0","0"
"","测试类","","0","0","7","0","0"
